/*--------------------------------*- C++ -*----------------------------------*\
| =========                 |                                                 |
| \\      /  F ield         | OpenFOAM: The Open Source CFD Toolbox           |
|  \\    /   O peration     | Version:  2212                                  |
|   \\  /    A nd           | Website:  www.openfoam.com                      |
|    \\/     M anipulation  |                                                 |
\*---------------------------------------------------------------------------*/
FoamFile
{
    version     2.0;
    format      ascii;
    arch        "LSB;label=32;scalar=64";
    class       volScalarField;
    location    "0.5";
    object      S;
}
// * * * * * * * * * * * * * * * * * * * * * * * * * * * * * * * * * * * * * //

dimensions      [0 0 0 1 0 0 0];

internalField   nonuniform List<scalar> 
400
(
500
500
500
500
499.999
499.999
499.999
499.999
499.999
499.999
499.999
499.999
499.999
499.999
499.999
499.999
500
500
500
500
500
499.999
499.999
499.999
499.998
499.998
499.998
499.998
499.997
499.997
499.997
499.997
499.998
499.998
499.998
499.998
499.999
499.999
499.999
500
500
499.999
499.998
499.998
499.997
499.997
499.996
499.996
499.996
499.996
499.996
499.996
499.996
499.996
499.997
499.997
499.998
499.998
499.999
500
500
499.999
499.998
499.997
499.996
499.995
499.995
499.994
499.994
499.994
499.994
499.994
499.995
499.995
499.996
499.996
499.997
499.998
499.999
500
499.999
499.998
499.997
499.996
499.995
499.994
499.993
499.993
499.993
499.993
499.993
499.993
499.994
499.994
499.995
499.996
499.996
499.997
499.998
499.999
499.999
499.998
499.996
499.995
499.994
499.993
499.992
499.992
499.991
499.991
499.992
499.992
499.992
499.993
499.994
499.995
499.996
499.997
499.998
499.999
499.999
499.997
499.996
499.994
499.993
499.992
499.991
499.991
499.99
499.99
499.991
499.991
499.992
499.992
499.993
499.994
499.995
499.997
499.998
499.999
499.999
499.997
499.995
499.994
499.992
499.991
499.99
499.99
499.99
499.99
499.99
499.99
499.991
499.992
499.993
499.994
499.995
499.997
499.998
499.999
499.999
499.997
499.995
499.993
499.992
499.991
499.99
499.989
499.989
499.989
499.989
499.99
499.991
499.991
499.993
499.994
499.995
499.996
499.998
499.999
499.999
499.997
499.995
499.993
499.992
499.99
499.989
499.989
499.989
499.989
499.989
499.99
499.99
499.991
499.993
499.994
499.995
499.996
499.998
499.999
499.999
499.997
499.995
499.993
499.991
499.99
499.989
499.989
499.989
499.989
499.989
499.99
499.99
499.991
499.993
499.994
499.995
499.996
499.998
499.999
499.999
499.997
499.995
499.993
499.991
499.99
499.989
499.989
499.989
499.989
499.989
499.99
499.991
499.992
499.993
499.994
499.995
499.997
499.998
499.999
499.999
499.997
499.995
499.993
499.992
499.991
499.99
499.989
499.989
499.989
499.99
499.99
499.991
499.992
499.993
499.995
499.996
499.997
499.998
499.999
499.999
499.997
499.995
499.993
499.992
499.991
499.99
499.99
499.99
499.99
499.99
499.991
499.992
499.993
499.994
499.995
499.996
499.997
499.998
499.999
499.999
499.997
499.996
499.994
499.993
499.992
499.991
499.991
499.991
499.991
499.991
499.992
499.993
499.994
499.995
499.996
499.997
499.998
499.999
500
499.999
499.998
499.996
499.995
499.994
499.993
499.992
499.992
499.992
499.992
499.993
499.993
499.994
499.995
499.995
499.996
499.997
499.998
499.999
500
499.999
499.998
499.997
499.996
499.995
499.994
499.994
499.994
499.994
499.994
499.994
499.994
499.995
499.996
499.996
499.997
499.998
499.998
499.999
500
499.999
499.998
499.998
499.997
499.996
499.996
499.995
499.995
499.995
499.995
499.995
499.996
499.996
499.997
499.997
499.998
499.998
499.999
499.999
500
500
499.999
499.998
499.998
499.998
499.997
499.997
499.997
499.997
499.997
499.997
499.997
499.998
499.998
499.998
499.999
499.999
499.999
500
500
500
500
500
499.999
499.999
499.999
499.999
499.999
499.999
499.999
499.999
499.999
499.999
499.999
499.999
500
500
500
500
500
)
;

boundaryField
{
    movingWall
    {
        type            fixedValue;
        value           uniform 500;
    }
    fixedWalls
    {
        type            fixedValue;
        value           uniform 500;
    }
    frontAndBack
    {
        type            empty;
    }
}


// ************************************************************************* //
